0401.jpg 8 493 760 1037 1 4 853 1016 1717 1 1020 529 1276 773 0
0402.jpg 3 855 558 1035 1 606 972 756 1164 0 1077 552 1299 990 1 1437 693 1691 1266 1 1464 427 1670 537 0
0403.jpg 0 73 496 1125 1 352 173 748 925 1 12 1349 356 1597 0
0404.jpg 336 965 488 1125 0 1076 765 1220 861 0 8 825 312 1009 1 1008 873 1276 1297 1 772 777 924 1069 1 28 749 324 877 1
0405.jpg 238 153 453 595 1 85 607 278 747 0
0406.jpg 160 491 320 609 0 333 129 540 544 1
0407.jpg 27 13 338 193 1 200 202 338 284 0
0408.jpg 222 284 536 569 1
0409.jpg 158 220 513 471 1
0410.jpg 2 138 60 258 1 129 111 238 173 0
0411.jpg 185 227 373 635 1 493 564 542 662 0
0412.jpg -6 500 85 591 0 287 7 478 418 1 462 431 542 511 0
0413.jpg 176 158 438 300 1 431 193 498 262 0
0414.jpg 22 402 129 462 0 325 344 378 387 0 182 284 322 467 1
0415.jpg 329 273 533 424 1 2 538 93 751 1 47 629 122 715 0
