0001.jpg 1 133 970 269 75
0002.jpg 0 734 1046 279 146 1 744 869 405 249
0003.jpg 0 555 984 250 113 1 670 870 275 179
0004.jpg 0 1538 421 327 197 1 719 230 1075 168
0005.jpg 0 1171 952 126 96 1 229 774 213 54 1 1091 771 170 48 1 712 941 622 69
0006.jpg 1 309 558 51 59 1 367 678 90 103 1 460 846 138 161 0 330 602 28 27 0 398 747 42 35
0007.jpg 0 546 1028 142 153 0 800 636 204 295
0008.jpg 1 391 593 324 532 0 642 857 104 207 0 825 827 135 207
0009.jpg 0 148 908 108 62 0 298 1046 96 87 1 254 1063 363 306
0010.jpg 0 338 903 81 41 0 692 963 60 59 1 310 922 307 75
0011.jpg 0 1088 896 87 104 0 1492 882 91 95 1 450 931 553 153
0012.jpg 1 535 770 442 272 0 904 569 63 93 0 1296 528 79 121
0014.jpg 0 428 296 165 318 0 628 756 151 281
0015.jpg 0 361 743 71 93 0 189 1057 122 114 1 409 923 149 508
0016.jpg 0 843 933 143 167 0 973 541 135 83 1 1139 818 364 590
0017.jpg 1 442 734 291 50 0 1229 797 146 81 0 1486 866 134 128
0018.jpg 0 892 805 147 84 0 1152 829 131 114
0019.jpg 1 766 552 303 138 0 1043 748 93 84 0 1085 443 60 36
0020.jpg 1 558 793 349 105 0 921 743 61 58 0 224 1157 156 140
0021.jpg 0 927 1009 102 72 1 865 939 381 132 0 608 896 99 45
0022.jpg 0 464 419 171 149 0 527 584 183 146 1 312 896 417 334
0023.jpg 1 658 1025 544 232 0 957 1133 222 88 0 1425 1171 259 117
0024.jpg 0 814 526 127 249 0 751 738 133 227 1 373 705 348 782
0026.jpg 0 702 415 146 250
0027.jpg 0 689 706 134 168 0 835 752 153 99 1 726 949 624 645
0028.jpg 1 516 698 703 117 0 1022 866 177 190 0 1203 948 174 222
0029.jpg 0 739 762 179 349 0 625 680 199 339
0030.jpg 0 360 533 318 493 0 1067 772 244 414
0031.jpg 0 506 841 42 60 0 557 850 45 36 1 543 896 153 178
0032.jpg 0 591 1049 106 176 1 544 1119 737 288
0033.jpg 0 457 341 73 137 1 556 833 165 437
0034.jpg 0 253 564 67 113 0 258 1033 86 153 1 373 541 167 400
0035.jpg 1 1039 678 909 127 0 181 774 219 133 1 785 464 273 25 0 960 473 53 24
0036.jpg 1 679 773 509 285 1 398 572 198 76 0 919 1117 300 276
0037.jpg 0 297 965 76 76 0 679 731 120 94
0038.jpg 0 316 1049 154 111 0 445 1001 166 92 1 1225 710 357 116
0039.jpg 1 800 891 544 234 1 116 634 143 54 1 308 689 221 70 0 21 604 42 24 0 1229 915 148 120 0 1086 1025 197 116
0040.jpg 1 373 971 127 51 1 447 913 115 54 1 503 893 48 30 1 570 882 53 22 0 414 921 30 18 0 495 918 30 17
0041.jpg 0 215 173 194 175
0043.jpg 0 967 870 444 299
0044.jpg 1 454 650 615 267 1 1258 481 486 155 0 1510 329 116 59
0045.jpg 0 414 422 134 127 1 241 238 472 350
0046.jpg 0 486 163 224 173 0 494 364 252 242
0047.jpg 1 219 159 436 261 0 641 295 97 118
0048.jpg 1 318 285 394 240
0049.jpg 0 236 320 308 317
0050.jpg 1 553 394 823 347
0051.jpg 1 236 178 367 191 1 228 309 382 205 0 437 211 86 55 0 49 272 83 57
0052.jpg 1 389 437 87 32 1 226 254 83 39 1 281 103 89 25 1 260 80 104 28 1 218 55 70 16 1 211 441 56 18 1 236 427 28 13
0053.jpg 1 272 222 418 212 1 228 372 423 234 0 444 277 93 73 0 57 310 94 81
0054.jpg 0 358 259 267 166 1 252 278 494 437
0055.jpg 1 252 273 225 234 0 358 135 79 47
0056.jpg 0 249 197 85 152 1 249 131 461 178
0057.jpg 0 95 183 119 59 0 338 473 84 52 1 271 136 446 261 1 243 397 412 204
0058.jpg 1 168 177 192 145 0 457 114 76 42
0059.jpg 0 392 339 109 68 1 255 251 404 184
0060.jpg 1 378 304 742 394
0061.jpg 1 325 242 530 300
0062.jpg 1 455 343 244 142 0 658 269 86 56
0063.jpg 1 78 259 90 26 1 425 73 69 18 1 403 236 105 82 1 235 425 63 42 1 112 76 81 61 1 218 250 80 42 1 401 424 35 12 1 441 425 34 12 1 468 418 29 15 1 374 417 30 13 1 364 409 18 9 1 478 410 18 10
0064.jpg 1 80 76 150 95
0065.jpg 0 368 245 696 401
0066.jpg 0 411 54 61 19 1 372 133 170 161
0067.jpg 1 272 394 391 86 0 569 398 95 67
0069.jpg 1 438 195 287 160 0 629 267 117 39
0070.jpg 1 525 286 409 150 0 769 201 49 71
0071.jpg 0 352 440 69 57 1 166 396 280 131
0072.jpg 1 299 225 187 115
0073.jpg 1 285 234 492 194 0 678 187 150 84
0074.jpg 0 568 175 219 115 1 362 221 588 399
0075.jpg 1 686 236 589 297 0 679 437 203 159
0076.jpg 0 230 269 383 214
0077.jpg 0 689 249 51 77 1 497 218 257 179
0078.jpg 1 337 554 539 331 0 788 884 244 304 0 1193 877 418 264
0079.jpg 0 364 979 84 42 0 301 802 43 21 1 294 777 68 55 1 367 901 127 120 1 494 1166 273 225
0080.jpg 0 960 750 377 223
0081.jpg 1 1902 1462 2028 844 0 3066 1784 372 576
0082.jpg 1 2156 1138 2456 1804 0 612 1108 560 456
0083.jpg 1 1652 1736 2272 1672 1 1712 1010 576 396
0084.jpg 1 1284 2272 808 2432 0 2119 1583 587 647
0085.jpg 1 1538 1660 2604 800 0 3152 2164 560 648
0086.jpg 1 1338 2086 1850 3138 0 1870 412 701 389
0087.jpg 1 1596 1218 2536 1388 0 600 1632 752 464 0 3332 1816 512 720
0089.jpg 0 766 364 538 593 1 1113 1499 850 2191 0 646 3179 539 545
0090.jpg 1 1360 1144 1768 2288 0 2370 1498 644 380
0091.jpg 0 1228 1426 912 596 0 2390 1460 812 704 1 2500 2552 1056 368
0092.jpg 0 1656 1262 744 780
0093.jpg 1 962 696 1684 440 0 2406 408 300 360 0 2318 1712 244 296
0094.jpg 0 2292 1292 824 664 1 2760 264 1680 528
0095.jpg 0 1868 788 400 984 0 1032 1936 896 648 0 2374 1822 892 540 1 3060 252 1152 520
0096.jpg 0 874 1012 860 688 0 2330 1022 612 788 0 2060 2260 784 592
0097.jpg 1 973 2415 1036 2311 1 1538 886 383 1120
0098.jpg 0 3142 1744 812 752
0099.jpg 0 622 1904 707 904
0100.jpg 1 1830 1492 3220 944
0101.jpg 0 984 2772 689 904
0102.jpg 0 1598 1724 635 1024
0103.jpg 1 1764 1502 3368 964
0104.jpg 1 1988 1202 3088 1180
0105.jpg 1 1782 1390 3220 1276
0106.jpg 1 1870 1344 3268 1016
0107.jpg 1 1726 1548 2876 968
0108.jpg 1 1062 1640 713 2102 1 1439 2307 1683 2467
0109.jpg 1 1910 1464 2908 1256
0110.jpg 1 922 1344 1604 2016 1 2596 1126 1912 532
0111.jpg 1 802 1786 1380 396 1 2844 1752 1384 440 0 1826 1808 260 336
0112.jpg 1 1834 1582 2052 732
0113.jpg 0 909 1002 251 263 1 1631 1286 1443 485 0 849 2179 371 413
0114.jpg 0 1667 778 401 294 1 1272 1685 700 1736
0115.jpg 1 1350 1436 1644 736 0 2390 1756 468 456
0116.jpg 1 2182 1366 1324 396 0 2948 1582 256 228
0117.jpg 1 1876 1372 1512 440 0 2724 1648 328 320
0118.jpg 1 412 1590 480 300 1 1358 1586 788 396 1 2858 1628 1476 520 0 1808 1626 216 292 0 2326 1386 228 244
0119.jpg 0 2128 1420 424 408 0 206 1696 388 552 1 2386 706 2236 556
0121.jpg 1 378 611 756 276 0 903 158 181 231
0122.jpg 0 1095 606 198 250 1 465 375 922 300
0123.jpg 1 231 375 217 751 0 216 853 150 132
0124.jpg 1 594 245 1187 450 0 642 697 318 395
0125.jpg 1 603 324 1185 635 0 518 650 365 270
0126.jpg 1 541 467 470 125 0 1025 555 132 130 1 552 765 818 220
0127.jpg 1 425 539 852 286 0 1108 590 175 259
0128.jpg 1 576 290 1140 230 0 1089 603 217 334
0129.jpg 1 519 1267 730 757 1 512 442 237 396 0 566 138 129 109 0 750 51 154 90
0130.jpg 1 706 373 217 408 0 538 787 210 156 0 218 961 255 168
0131.jpg 1 493 720 493 952 1 254 698 393 693 0 763 159 193 97
0132.jpg 1 720 945 358 778 1 200 643 339 588 0 717 272 196 111
0133.jpg 1 225 614 428 605 0 434 379 254 243
0134.jpg 1 564 378 1024 356
0135.jpg 1 356 630 574 804 1 597 576 596 784
0136.jpg 1 622 1119 625 814 1 538 219 198 439
0137.jpg 1 586 499 739 216
0138.jpg 1 307 1098 576 1126
0140.jpg 1 759 421 1264 470
0141.jpg 1 847 978 1120 484
0142.jpg 1 392 877 477 1297 1 811 879 385 964
0143.jpg 1 998 853 540 1562
0144.jpg 1 477 523 943 236 1 504 132 603 155 0 1034 545 183 220
0145.jpg 0 607 874 529 799
0146.jpg 0 384 564 424 632
0147.jpg 0 165 220 117 192
0148.jpg 0 380 524 411 567
0149.jpg 0 394 973 378 409
0150.jpg 0 727 733 385 468
0152.jpg 0 526 1159 216 277
0153.jpg 0 253 1089 300 496
0154.jpg 0 739 883 481 781
0155.jpg 0 789 418 184 210 0 997 408 184 238 1 253 379 497 236
0156.jpg 1 356 616 521 128 0 961 603 120 86
0157.jpg 1 346 403 257 732 0 388 900 138 118
0158.jpg 0 634 281 230 439 1 247 263 491 292
0159.jpg 1 368 526 384 988 0 258 1112 280 176
0160.jpg 1 450 425 878 170 0 977 450 167 129
0161.jpg 1 691 376 1063 257 0 1577 637 340 317
0162.jpg 1 1017 928 1285 633 0 1406 1035 263 421
0163.jpg 1 780 643 1034 436 0 507 593 342 259 0 1359 731 155 214
0164.jpg 1 879 642 754 577 0 1164 1062 178 280
0165.jpg 1 728 748 1057 447 0 1242 1035 299 174 0 1216 561 231 128 0 1329 716 149 224
0166.jpg 0 296 648 401 428 0 729 488 312 418 0 1199 656 310 508
0167.jpg 1 1053 826 1125 510 1 890 408 814 511
0169.jpg 1 621 643 1052 234 0 1431 818 265 296
0170.jpg 1 1106 454 1185 225 0 197 279 187 93 0 451 408 141 108
0171.jpg 1 944 657 946 355 0 363 470 237 253 0 1614 863 170 225
0172.jpg 1 410 740 452 1326 0 886 1422 284 310
0173.jpg 1 1219 607 661 627 0 1042 690 138 97 0 1480 440 199 114 0 1493 564 214 125 1 1676 605 51 232 1 563 596 586 171
0174.jpg 1 811 494 712 223 0 1377 839 174 286
0175.jpg 1 904 695 940 406 0 1152 293 149 77 0 1372 1060 277 336
0176.jpg 1 793 696 1171 201 0 730 1001 343 460
0177.jpg 1 695 732 1097 425 0 1019 294 206 265
0178.jpg 1 428 313 664 362 0 692 549 208 192
0179.jpg 1 577 335 1039 158 0 860 540 359 173
0180.jpg 1 396 338 586 290 0 141 560 241 157
0181.jpg 1 385 450 729 286 0 163 547 215 121
0182.jpg 0 361 284 123 119 1 239 285 426 299
0183.jpg 0 136 67 95 101 0 525 534 99 123 1 379 181 367 265 1 266 387 371 281
0184.jpg 1 457 248 707 221
0185.jpg 1 298 287 480 152 0 613 297 86 151
0186.jpg 1 2526 2434 4599 1880
0187.jpg 1 271 224 490 159 0 622 151 117 72
0188.jpg 1 398 272 707 193 1 339 531 597 173 0 503 273 148 188 0 707 543 109 160
0189.jpg 1 530 193 652 294 0 195 371 319 240
0190.jpg 1 350 268 453 310 0 625 121 83 91
0191.jpg 0 599 435 131 129 1 312 188 386 286
0192.jpg 1 408 233 663 245 0 196 354 208 124
0193.jpg 1 356 370 470 166 0 752 332 92 142
0194.jpg 1 355 168 493 338 0 688 182 155 129
0196.jpg 1 252 322 479 157 0 551 336 78 140
0197.jpg 1 671 453 1252 539 0 1406 816 317 340
0198.jpg 0 634 411 310 250 1 410 354 771 444
0199.jpg 1 606 225 262 111 0 409 558 738 439
0200.jpg 1 169 141 125 53 0 358 190 55 29
0201.jpg 1 346 409 690 199 0 745 423 102 174
0202.jpg 0 492 526 332 164 1 399 386 778 333
0203.jpg 1 317 260 594 267
0204.jpg 1 409 398 747 597
0205.jpg 1 323 415 648 275 0 731 419 127 208
0206.jpg 1 305 155 521 178 0 638 172 98 148
0207.jpg 0 629 517 204 364 1 297 574 369 1149
0208.jpg 0 1266 458 329 187 1 621 311 1207 613
0209.jpg 1 404 574 687 417
0210.jpg 1 350 294 698 262
0211.jpg 1 623 328 634 397 0 1121 356 158 238
0212.jpg 1 298 220 599 275
0213.jpg 0 266 499 465 324
0214.jpg 1 531 416 967 568 0 795 484 273 185
0215.jpg 1 908 598 1116 683
0216.jpg 1 1113 651 2100 924 0 2363 439 362 414
0217.jpg 1 377 200 680 275
0218.jpg 0 878 336 265 135
0220.jpg 0 400 695 693 406
0221.jpg 0 653 493 183 206 1 370 366 715 693
0222.jpg 1 362 282 588 191 0 690 263 115 147
0223.jpg 1 402 476 788 334 0 594 583 319 182
0224.jpg 1 241 152 444 149
0225.jpg 1 469 474 847 335 0 1143 489 235 309
0226.jpg 1 313 176 626 348
0227.jpg 1 267 146 536 242 0 346 267 318 162
0228.jpg 1 292 189 549 321 0 650 218 173 86
0229.jpg 1 187 120 337 117 0 405 104 114 52
0230.jpg 1 382 211 717 362 0 782 312 181 211
0231.jpg 1 213 262 422 142 0 465 276 61 121
0232.jpg 1 426 241 805 454 0 661 384 181 117
0233.jpg 1 619 873 482 1632
0234.jpg 0 456 875 460 296
0236.jpg 1 508 834 468 1530
0237.jpg 1 530 899 636 1428
0238.jpg 1 504 854 940 1358 0 1179 1196 202 434
0239.jpg 1 760 997 1032 640
0240.jpg 1 545 650 502 934
0241.jpg 0 972 1025 816 484
0242.jpg 1 538 592 528 1178 0 512 1486 344 426
0243.jpg 1 462 511 410 861 0 421 1010 299 141
0244.jpg 1 241 586 354 1111 0 631 501 251 291
0245.jpg 1 582 459 922 210 0 1107 392 151 118
0246.jpg 1 516 683 992 478 0 1381 1152 338 252
0247.jpeg 1 254 85 472 149 0 308 225 109 84
0248.jpg 1 574 647 1095 353 0 417 339 225 264
0249.jpg 1 459 586 334 978 0 496 1302 284 166
0250.jpg 1 330 334 224 683 0 324 984 232 160
0251.jpg 1 392 316 528 101 0 716 295 107 48
0252.jpg 1 551 582 438 1170 0 392 1309 276 184
0253.jpg 1 536 888 759 385 0 1033 831 157 157
0254.jpg 1 642 835 1190 426 0 1351 826 195 255
0255.jpg 1 405 522 793 325 0 531 242 155 208
0257.jpg 0 327 726 250 438 1 661 877 462 1612
0258.jpg 1 349 185 535 205 1 351 401 550 204 0 738 311 122 175
0259.jpg 1 210 213 406 237 0 419 288 146 93
0260.jpg 1 254 193 470 204 0 305 317 134 185
0261.jpg 0 100 815 188 205 1 429 577 388 758
0262.jpg 0 498 903 438 456
0263.jpg 0 380 671 315 565
0264.jpg 0 705 791 305 434 0 1052 747 381 359
0265.jpg 0 510 1020 668 918
0266.jpg 0 397 506 235 359
0267.jpg 0 384 823 291 433
0268.jpg 0 894 767 341 314
0270.jpg 0 419 954 219 300
0271.jpg 1 602 940 488 1474
0272.jpg 1 416 645 513 1076
0273.jpg 1 832 695 1163 511
0274.jpg 1 617 519 1155 367
0275.jpg 1 384 481 442 928
0276.jpg 1 864 771 1688 498
0277.jpg 1 613 765 1132 416
0278.jpg 1 379 795 548 322
0279.jpg 1 355 785 588 889
0280.jpg 1 556 142 811 248
0281.jpg 1 474 464 330 633 0 407 880 218 130
0282.jpg 1 195 594 370 88 1 787 504 399 134 0 487 631 101 99
0283.jpg 0 291 705 565 568 0 620 252 292 320
0285.jpg 0 341 541 449 652
0286.jpg 0 681 357 147 204 1 341 311 481 400
0287.jpg 1 388 441 773 138 0 510 799 348 331
0288.jpg 0 816 780 128 120 1 344 764 686 157
0289.jpg 1 455 492 592 162 1 448 890 897 342
0290.jpg 1 499 520 406 174 1 305 880 591 391 0 777 1068 139 218
0291.jpg 0 937 679 130 171 1 550 752 645 292
0292.jpg 0 2248 1747 1871 1237
0293.jpg 0 3375 2254 688 877 1 1877 1256 3213 1018
0294.jpg 1 1672 1517 2898 957 0 3071 2277 543 724
0295.jpg 0 2612 1808 1540 1727
0296.jpg 0 1672 1379 640 1048 0 2546 1379 646 880 1 131 2705 261 1315
0297.jpg 1 1867 1594 3222 1045 0 4032 1930 705 1057
0298.jpg 0 2418 2505 745 1325 1 1053 686 2105 1240
0299.jpg 0 1691 1678 1183 799
0300.jpg 0 1538 2025 703 1252
0301.jpg 0 3228 981 1024 715
0302.jpg 0 2033 2221 964 637 1 3483 671 1918 1336
0303.jpg 0 2655 2412 499 819 1 1034 906 2066 1111
0304.jpg 0 3252 1768 1186 781 0 1235 2434 673 1063
0305.jpg 0 2796 1806 967 1240 0 1093 1926 892 1360
0306.jpg 1 2104 2349 2747 910
0308.jpg 1 2460 1723 3081 787
0309.jpg 1 2225 2253 3396 1505 0 4462 3297 310 330
0310.jpg 0 3747 2011 766 547 1 1543 1827 2592 850
0311.jpg 1 1650 1253 1718 441 1 1826 2618 2787 1352 0 3505 2263 577 535
0312.jpg 0 1071 2429 591 498 1 3565 1657 1525 955 1 1078 1504 1102 834
0313.jpg 1 1627 1520 1096 1619 1 2379 2264 1838 2300 0 4121 1593 835 838
0314.jpg 0 1465 2693 646 1027
0315.jpg 1 2341 1708 4051 1616
0316.jpg 1 1469 1807 751 523 1 3562 1695 1393 688 0 1376 2508 523 357
0317.jpg 1 1304 2756 1459 901 1 3004 1095 1184 403 0 2858 2906 357 469
0318.jpg 1 2118 842 1436 1096 1 1367 2261 2457 2408 0 3217 2598 366 429
0319.jpg 0 3808 1367 925 826 1 1604 1881 1759 2964
0320.jpg 1 1517 2220 3027 1360 0 3999 1896 1031 868
0321.jpg 1 368 337 702 218 0 494 168 102 123
0322.jpg 0 475 290 251 263 0 266 162 238 224
0323.jpg 0 153 316 113 162 1 311 141 557 163
0324.jpg 1 1056 653 1896 872
0325.jpg 0 302 359 210 281
0326.jpg 1 283 301 512 134 0 587 292 104 120
0327.jpg 1 597 600 1072 432
0328.jpg 1 302 504 567 396 0 630 699 255 179
0329.jpg 1 274 429 550 502 1 550 274 494 398 0 288 70 155 143 0 587 629 182 218
0330.jpg 0 182 108 296 170 0 647 119 289 180 0 421 266 351 195 0 179 444 327 197 0 638 456 318 190 0 179 673 321 174 0 637 680 320 177
0331.jpg 1 451 861 841 952 1 1077 1012 387 331 0 633 1051 172 84 0 771 1137 232 130 0 503 1539 243 237
0333.jpg 0 463 1309 384 601 0 847 881 457 507 0 407 536 477 297 1 151 175 288 372
0334.jpg 0 457 1045 324 505 0 843 922 304 420 1 121 502 251 300
0335.jpg 0 404 1473 339 345 0 649 902 397 237 1 1098 293 345 460
0336.jpg 0 368 1323 309 333 0 658 944 367 279 1 1037 260 474 490
0337.jpg 0 789 907 454 396 0 555 1373 418 378 0 403 557 264 453 1 1008 148 483 306
0338.jpg 0 895 454 385 462 0 745 1273 301 385 0 241 1449 348 417 1 1214 886 132 282 1 106 830 210 261
0339.jpg 1 888 530 1614 420
0340.jpg 1 835 414 1576 552
0341.jpg 1 604 642 1187 355 1 610 386 715 142
0342.jpg 1 410 447 756 443
0343.jpg 1 565 730 937 298
0344.jpg 1 577 742 985 298
0345.jpg 1 995 566 1794 504
0346.jpg 1 861 703 1676 1066
0347.jpg 0 809 485 277 440 0 389 517 223 335
0348.jpg 1 157 266 277 72 0 329 271 60 84
0349.jpg 1 463 500 895 171 0 808 689 180 205
0350.jpg 1 413 701 812 326 1 1268 484 858 648 0 1344 1026 206 256 0 1511 1020 224 280 0 1445 784 228 144
0351.jpg 1 290 1017 567 946 1 621 241 196 192 1 673 63 109 78 0 637 499 181 84 0 717 138 76 37
0352.jpg 1 601 733 589 985 1 986 939 492 454 0 124 662 234 285 0 1232 1204 96 163
0353.jpg 1 906 988 369 1417 1 262 820 498 162 0 134 889 105 72 1 1190 1147 168 157
0354.jpg 1 201 712 410 150 1 837 845 892 237 1 1028 1012 504 186 0 46 772 90 72
0355.jpg 1 223 961 132 72 1 433 808 108 90 1 548 715 69 60 1 610 664 42 42 0 335 917 45 45
0356.jpg 1 100 1490 156 312 1 397 931 156 192 1 541 703 84 120 1 705 553 70 96 1 785 463 60 84 0 265 1254 132 99 0 548 797 93 45 0 632 667 45 36
0358.jpg 1 500 596 342 712 1 1405 484 152 536 0 1139 773 120 70 0 773 924 120 136
0359.jpg 1 423 641 752 338 1 1310 689 778 318 0 853 661 124 170 0 1293 897 244 142 0 1387 348 72 72 1 1071 328 128 64
0360.jpg 0 496 669 190 102 0 1543 733 176 170 1 351 796 688 408 1 1247 749 384 682
0361.jpg 1 1313 1233 1351 553 0 2092 1257 315 523
0362.jpg 0 682 1240 787 916
0363.jpg 0 577 1333 997 988
0364.jpg 0 577 1375 985 1060
0365.jpg 0 572 480 843 951
0367.jpg 1 1469 1032 1285 708 0 2230 1070 399 694
0368.jpg 1 1846 876 1162 1081 0 1277 544 186 471
0369.jpg 0 741 986 1000 1478
0370.jpg 0 661 957 786 1210
0371.jpg 0 618 996 1018 1415
0372.jpg 0 595 610 979 1105
0373.jpg 1 1658 1510 3316 1060 0 3638 1458 708 700 1 958 700 1868 496
0374.jpg 1 1822 1926 3252 2100 0 3524 1094 776 444 1 834 1036 1668 808
0375.jpg 0 2286 2122 1260 1092 1 1108 1284 2224 1432 1 1648 410 1480 388
0376.jpg 1 1748 1972 3272 1168 0 3764 2082 456 996 1 1230 440 1988 720
0377.jpg 0 510 591 140 182 0 432 281 148 69 0 542 60 107 61
0378.jpg 0 545 463 355 215
0379.jpg 1 377 242 732 296 0 822 270 178 130 1 381 83 506 161
0380.jpg 1 182 435 274 73 1 866 305 158 43 1 585 250 122 25 1 811 232 63 16 1 516 217 84 14 1 140 294 148 23 1 745 201 47 15 0 812 314 42 17 0 537 252 15 14 0 453 222 20 16 0 626 208 26 11 0 778 228 28 16
0381.jpg 1 654 530 418 313 1 540 365 290 172 0 860 407 117 85
0383.jpg 0 472 369 358 220
0384.jpg 1 708 628 496 176 0 403 521 94 64 1 269 475 205 78
0385.jpg 1 383 317 549 444 0 589 329 126 115
0386.jpg 1 150 196 301 206 0 306 281 84 90
0387.jpg 1 386 242 733 453 0 634 322 161 133
0388.jpg 0 1310 869 1820 1078
0389.jpg 1 978 885 1889 727 0 2158 899 465 718
0390.jpg 1 489 166 121 146 0 360 361 719 284
0391.jpg 1 253 169 436 266 0 509 285 131 139
0392.jpg 1 333 216 576 217 0 682 237 114 183
0393.jpg 1 367 346 674 240 0 737 333 120 180
0394.jpg 1 370 411 680 584 0 106 91 211 132
0395.jpg 1 393 257 750 337 0 507 315 174 200
0396.jpg 1 375 217 746 316 0 334 406 170 222
0397.jpg 1 382 358 697 351 0 617 540 329 198
0398.jpg 1 231 222 429 269
0399.jpg 1 337 415 614 234 0 702 440 94 170
0400.jpg 1 347 304 692 601 0 370 487 293 229
0401.jpg 1 384 765 752 544 1 510 1285 1012 864 0 1148 651 256 244
0402.jpg 1 280 945 555 180 0 681 1068 150 192 1 1188 771 222 438 1 1564 979 254 573 0 1567 482 206 110
0403.jpg 1 248 599 496 1052 1 550 549 396 752 0 184 1473 344 248
0404.jpg 0 412 1045 152 160 0 1148 813 144 96 1 160 917 304 184 1 1142 1085 268 424 1 848 923 152 292 1 176 813 296 128
0406.jpg 0 240 550 160 118 1 436 336 207 415
0407.jpg 1 182 103 311 180 0 269 243 138 82
0408.jpg 1 379 426 314 285
0409.jpg 1 335 345 355 251
0410.jpg 1 31 198 58 120 0 183 142 109 62
0411.jpg 1 279 431 188 408 0 517 613 49 98
0412.jpg 0 39 545 91 91 1 382 212 191 411 0 502 471 80 80
0413.jpg 1 307 229 262 142 0 464 227 67 69
0414.jpg 0 75 432 107 60 0 351 365 53 43 1 252 375 140 183
0415.jpg 1 431 348 204 151 1 47 644 91 213 0 84 672 75 86
0416.jpg 0 177 406 89 63 1 80 500 151 178
0417.jpg 1 92 292 190 91 1 390 407 304 160 0 213 322 57 54 0 529 506 32 93
0418.jpg 0 359 686 74 115 1 169 651 328 378
0419.jpg 1 283 594 403 153 0 527 639 40 56
0420.jpg 1 180 326 244 263 1 64 102 115 106
0421.jpg 1 237 611 220 382 1 340 251 116 168 1 372 79 87 96 0 311 405 138 51 0 401 141 127 28
0422.jpg 0 151 667 138 69 0 391 229 76 40 0 490 144 38 40 1 245 474 160 225 1 80 811 151 298 1 347 283 149 122 1 432 167 82 69
0423.jpg 1 93 654 183 220 1 301 404 211 151 1 495 246 100 115 0 230 509 118 62 0 412 324 87 49
0424.jpg 0 277 182 64 26 1 477 303 118 96 1 368 208 104 60 1 204 140 53 36
0425.jpg 1 389 637 316 231 1 45 501 92 114
0427.jpg 1 341 521 398 260 0 81 282 87 49
0428.jpg 0 247 273 76 31 1 143 188 55 53 1 264 233 195 22 1 375 340 180 106 1 520 546 49 57
0429.jpg 1 202 235 93 67 1 365 326 233 67 1 483 467 127 120 0 335 375 75 49
0430.jpg 1 235 205 107 77 0 386 282 53 49 0 445 418 109 51 1 422 339 235 64
0431.jpg 1 133 284 217 98 1 309 161 128 108 0 224 233 75 49
0432.jpg 1 367 358 331 149
0433.jpg 1 469 493 134 147 0 73 524 93 75
0434.jpg 0 348 347 126 91 1 143 414 283 153 1 490 301 104 96
0435.jpg 1 187 532 371 549 0 336 201 109 118
0436.jpg 1 310 579 460 296
0437.jpg 1 351 576 382 305
0438.jpg 0 362 716 160 215 1 434 136 203 117 0 332 78 60 73 1 78 46 80 75
0439.jpg 0 247 166 76 75 1 362 280 360 226 1 34 102 69 76
0440.jpg 1 272 543 460 349 0 122 336 115 113
0441.jpg 1 694 784 632 1546
0442.jpg 1 792 858 500 1654
0443.jpg 0 433 548 366 656
0444.jpg 0 800 623 464 556
0446.jpg 0 899 841 450 296
0447.jpg 0 968 856 304 490
0448.jpg 0 1016 692 320 342 0 990 1229 356 304
0449.jpg 0 698 1178 152 264 1 641 746 206 284
0450.jpg 0 840 898 584 854
0451.jpg 0 510 621 336 548
0452.jpg 0 533 638 506 398
0453.jpg 0 623 490 422 298
0454.jpg 0 538 526 860 462
0455.jpg 1 764 856 336 996
0456.jpg 1 720 749 424 1196
0457.jpg 1 767 704 370 1102
0458.jpg 1 640 833 540 1464
0459.jpg 1 581 656 350 1170
0460.jpg 1 705 1026 386 1224
0461.jpg 1 645 908 466 1490
0462.jpg 1 676 900 717 1615
0463.jpg 1 605 779 1242 1346
0464.jpg 0 286 1122 536 326 1 666 807 496 1604
0465.jpg 1 507 817 610 1522 0 300 1051 240 412
0466.jpg 1 668 489 352 962 0 356 1404 272 394
0467.jpg 0 878 1402 564 304 1 669 720 710 1076
0468.jpg 1 148 121 161 222 0 129 353 123 87
0469.jpg 1 107 127 216 157 0 356 170 89 150
0471.jpg 1 188 93 287 90 0 357 98 63 68
0472.jpg 1 199 201 109 378 0 90 240 74 114
0473.jpg 1 140 152 249 242 0 224 351 135 92
0474.jpg 1 136 235 116 312 0 183 55 73 40
0475.jpg 1 171 153 145 49 1 178 245 250 83 0 335 249 67 73
0476.jpg 1 151 218 156 34 0 267 232 29 23
0477.jpg 1 55 201 48 270 1 148 206 35 188 0 60 364 47 63
0478.jpg 1 112 202 139 394 0 215 327 88 72
0479.jpg 1 161 173 141 336 0 163 372 123 47
0480.jpg 1 146 194 296 114 0 352 155 80 83
0521.jpg 1 494 195 904 270 0 1086 226 151 232
0522.jpg 1 726 595 518 117 1 531 1011 1016 445
0523.jpg 1 169 712 338 401 0 639 480 348 260
0524.jpg 0 512 458 533 395
0525.jpg 0 839 646 655 680 1 318 422 637 792
0526.jpg 0 307 393 267 458 0 600 395 247 468 0 905 399 262 460
0527.jpg 0 536 725 669 660
0528.jpg 0 352 552 518 629
0529.jpg 0 659 499 586 485
0530.jpg 0 428 212 530 424 0 455 689 468 294 0 464 1043 466 310 0 458 1403 470 290 1 1038 773 258 1546
0531.jpg 1 453 803 748 304 1 401 1173 800 304 0 977 1255 216 180
0532.jpg 0 754 576 554 332 1 410 113 821 226 1 539 323 1078 520
0534.jpg 1 394 740 410 962 1 842 689 426 1228
0535.jpg 1 510 498 1021 441
0536.jpg 1 583 664 1166 651
0537.jpg 1 973 622 1478 413 0 1861 498 265 204
0538.jpg 0 1006 1109 166 92 1 621 623 512 146 1 467 972 708 276
0539.jpg 1 517 682 991 471 0 1009 477 217 128
0540.jpg 0 413 409 142 213 1 399 223 798 269
0541.jpg 1 561 368 1098 421
0542.jpg 1 715 351 904 528 1 584 915 1166 824 0 634 1350 302 386
0543.jpg 0 949 710 260 208 1 568 481 1114 246
0544.jpg 0 533 977 922 568
0545.jpg 1 584 964 1166 862
0546.jpg 1 582 400 1165 454
0547.jpg 1 131 548 260 830 0 549 856 752 970
0548.jpg 1 393 497 715 244
0549.jpg 1 304 81 450 163 1 426 667 853 769 0 1021 969 244 310
0550.jpg 0 1067 882 200 148 1 379 694 520 212 1 595 1156 964 580
0551.jpg 1 279 99 559 199 1 397 507 795 314 0 1066 572 192 322
0552.jpg 1 543 588 1056 467
0554.jpg 1 446 954 801 377 0 941 880 242 168
0555.jpg 0 607 591 282 452 1 570 241 1141 307
0556.jpg 1 646 221 482 267 1 472 361 629 355 0 866 519 168 159
0557.jpg 0 567 455 362 515
0558.jpg 0 741 1166 424 478 1 237 791 472 348
0559.jpg 1 256 637 512 456 0 711 416 399 355
0560.jpg 0 342 508 393 391 0 649 410 312 326 0 900 310 307 290
0561.jpg 1 350 186 512 193 1 349 403 545 209 0 742 311 109 165
0562.jpg 1 569 415 1103 357
0563.jpg 1 262 738 265 881 0 318 103 212 133
0564.jpg 1 599 615 975 274
0565.jpg 1 523 566 384 1133
0566.jpg 1 569 643 1085 329 0 417 340 213 258
0568.jpg 0 467 426 162 105 1 185 939 357 509 1 526 918 276 551
0569.jpg 1 694 612 1383 619 0 1538 576 262 265
0570.jpg 0 464 529 312 360 0 812 510 304 331 1 203 160 409 238
0571.jpg 0 345 691 286 444
0572.jpg 1 652 315 661 619 0 926 192 220 188
0573.jpg 0 643 785 475 625 0 573 261 596 411
0574.jpg 0 399 424 357 345 0 339 90 224 180
0575.jpg 0 514 1038 256 309 1 467 444 506 888
0576.jpg 0 549 320 436 525
0577.jpg 0 358 469 693 489
0578.jpg 0 344 473 235 404
0579.jpg 0 380 234 546 273
0580.jpg 0 1059 525 159 195 1 510 446 848 231
0581.jpg 0 688 863 323 566 1 504 198 1006 386
0582.jpg 1 359 723 717 158 0 817 796 138 132
0583.jpg 1 367 305 698 224 0 758 292 78 194
0584.jpg 1 357 479 262 956
0585.jpg 1 325 583 389 1165
0586.jpg 1 191 389 177 758 0 142 870 136 156
0587.jpg 1 599 607 1196 570
0588.jpg 1 182 141 176 280 0 109 332 99 82
0589.jpg 0 167 266 126 138 1 158 138 314 275
0590.jpg 0 234 435 283 330
0591.jpg 0 611 954 800 594
0592.jpg 0 1068 432 255 260 1 424 460 847 436
0593.jpg 1 387 184 772 293 0 551 437 280 203
0594.jpg 0 1180 983 186 192 1 662 875 710 272
0595.jpg 0 331 600 311 351
0597.jpg 1 378 359 754 354 0 834 356 146 285
0598.jpg 1 746 687 860 338 0 186 766 214 257 1 416 245 465 198 0 690 292 58 102
0599.jpg 1 494 602 440 1184
0600.jpg 1 454 578 588 1004
481.jpg 1 242 161 415 279 0 431 175 125 84
482.jpg 1 251 173 466 157
483.jpg 0 106 145 78 125 0 200 144 75 127 0 304 148 90 124 0 404 149 87 123
485.jpg 1 384 252 712 218
486.jpg 1 623 407 798 274 0 1218 471 222 304
487.jpg 0 145 141 229 149 0 323 190 231 147 0 515 246 233 166
488.jpg 0 175 324 114 59 0 428 187 71 101 1 228 107 360 213 1 273 246 377 249
489.jpg 1 398 263 643 221
490.jpg 1 248 230 499 285 0 402 326 116 120
491.jpg 1 759 730 1502 487 0 1748 698 315 320
492.jpg 0 193 199 177 67 0 831 247 218 281 1 255 330 387 182
493.jpg 1 119 99 212 85 0 246 100 58 53 0 267 42 52 47
494.jpg 0 163 163 104 55
495.jpg 0 591 352 167 194 1 369 208 514 401
496.jpg 1 130 147 153 38 0 241 148 39 35
497.jpg 1 153 124 176 116 0 93 54 65 25
498.jpg 1 131 120 239 146 0 264 68 51 58
499.jpg 0 333 322 86 93 0 162 41 96 83 1 319 161 290 250 1 185 205 296 268
500.jpg 1 1720 1520 819 2706 0 1505 3296 845 646
501.jpg 0 599 500 241 191 1 400 405 797 377
502.jpg 0 816 242 168 153 1 391 140 653 247
503.jpg 0 921 1308 1713 982 0 2092 2994 1096 1378
504.jpg 0 1335 1742 1006 712 0 859 2948 1216 779
505.jpg 0 3310 1810 724 868 1 1484 1198 2664 1604
506.jpg 1 1338 1810 1288 3449
507.jpg 1 1532 1613 2526 3005 0 1439 3031 725 825
508.jpg 1 402 448 738 488
509.jpg 0 2182 2020 620 736 1 1912 880 1848 1296
510.jpg 0 1290 2679 1228 1030 0 1134 1230 1204 1042
511.jpg 1 361 255 655 354
512.jpg 1 334 248 644 488
513.jpg 1 249 197 494 145 1 244 439 453 260 0 360 258 122 69 0 356 486 125 78
514.jpg 1 260 145 442 155
515.jpg 1 1522 1482 2372 1132 0 2976 1744 480 624
516.jpg 1 1884 1226 3696 1372
517.jpg 1 1682 1408 2796 832 0 3472 1796 664 784
519.jpg 0 1356 1232 496 424 0 2074 1324 444 504 1 2766 1962 2356 1860
520.jpg 1 926 1836 1764 760 1 2268 1312 936 456 1 3078 962 700 276 1 3634 704 396 208 0 1722 1580 316 248 0 2766 1102 236 132 0 3602 984 284 184 0 3892 718 176 116
