images/01.jpg 2 163 218 237 251 	 1 290 205 170 268 	
images/02.jpg 2 142 180 240 197 	 1 340 233 73 129 	
images/03.jpg 2 142 277 141 170 	 0 120 185 84 192 	 0 165 176 165 245 	 0 250 212 79 216 	 0 288 191 100 249 	
images/04.jpg 1 228 301 141 200 	 0 215 210 346 392 	
images/05.jpg 1 266 250 205 95 	 2 208 219 387 174 	
images/06.jpg 2 120 232 125 205 	 2 226 231 105 216 	
images/07.jpg 2 134 217 206 229 	 0 292 206 139 234 	
images/08.jpg 1 142 212 281 192 	 1 321 189 156 229 	
images/09.jpg 2 281 266 146 293 	 0 178 228 287 370 	
images/10.jpg 2 138 242 126 65 	 3 279 209 236 119 	
images/11.jpg 2 74 233 114 164 	 1 144 234 69 133 	 2 212 227 134 178 	 1 279 248 64 113 	 2 341 234 115 169 	
images/12.jpg 0 247 170 62 155 	 3 230 224 259 165 	
images/13.jpg 0 72 245 53 193 	 0 130 242 66 202 	 0 203 236 71 216 	 0 269 229 75 243 	 0 339 224 71 248 	
images/14.jpg 2 228 244 149 186 	 0 200 207 239 262 	
images/15.jpg 3 50 218 98 287 	 3 144 210 119 312 	 3 244 216 97 293 	 3 348 216 124 289 	
images/16.jpg 0 132 171 71 194 	 0 303 163 94 164 	 3 144 253 225 190 	 3 292 244 206 206 	
images/17.jpg 1 88 233 144 258 	 1 203 226 132 277 	 1 321 210 170 316 	
images/18.jpg 1 253 209 105 218 	 0 203 179 218 276 	
images/01.jpg 2 163 218 237 251 	 1 290 205 170 268 	
images/02.jpg 2 142 180 240 197 	 1 340 233 73 129 	
images/03.jpg 2 142 277 141 170 	 0 120 185 84 192 	 0 165 176 165 245 	 0 250 212 79 216 	 0 288 191 100 249 	
images/04.jpg 1 228 301 141 200 	 0 215 210 346 392 	
images/05.jpg 1 266 250 205 95 	 2 208 219 387 174 	
images/06.jpg 2 120 232 125 205 	 2 226 231 105 216 	
images/07.jpg 2 134 217 206 229 	 0 292 206 139 234 	
images/08.jpg 1 142 212 281 192 	 1 321 189 156 229 	
images/09.jpg 2 281 266 146 293 	 0 178 228 287 370 	
images/10.jpg 2 138 242 126 65 	 3 279 209 236 119 	
images/11.jpg 2 74 233 114 164 	 1 144 234 69 133 	 2 212 227 134 178 	 1 279 248 64 113 	 2 341 234 115 169 	
images/12.jpg 0 247 170 62 155 	 3 230 224 259 165 	
images/13.jpg 0 72 245 53 193 	 0 130 242 66 202 	 0 203 236 71 216 	 0 269 229 75 243 	 0 339 224 71 248 	
images/14.jpg 2 228 244 149 186 	 0 200 207 239 262 	
images/15.jpg 3 50 218 98 287 	 3 144 210 119 312 	 3 244 216 97 293 	 3 348 216 124 289 	
images/16.jpg 0 132 171 71 194 	 0 303 163 94 164 	 3 144 253 225 190 	 3 292 244 206 206 	
images/17.jpg 1 88 233 144 258 	 1 203 226 132 277 	 1 321 210 170 316 	
images/18.jpg 1 253 209 105 218 	 0 203 179 218 276