2 0.16333333333333333 0.5714285714285715 0.11333333333333334 0.3099273607748184
10 0.1575 0.7336561743341404 0.27166666666666667 0.324455205811138
2 0.48000000000000004 0.6404358353510896 0.09333333333333334 0.4818401937046005
2 0.5566666666666668 0.6198547215496368 0.060000000000000005 0.4455205811138015
11 0.6316666666666667 0.32929782082324455 0.19 0.1162227602905569
2 0.65 0.6355932203389831 0.08 0.5108958837772397
2 0.7716666666666667 0.6598062953995157 0.16333333333333333 0.5060532687651332
2 0.9241666666666667 0.602905569007264 0.10166666666666667 0.5181598062953996
9 0.8300000000000001 0.2530266343825666 0.19333333333333336 0.17675544794188863
9 0.8616666666666667 0.12106537530266344 0.15000000000000002 0.12590799031476999
9 0.6933333333333334 0.07263922518159807 0.13333333333333333 0.13559322033898305
