2 0.16458333333333333 0.6710310965630115 0.07916666666666666 0.27168576104746317
2 0.325 0.6243862520458265 0.06666666666666667 0.2569558101472995
2 0.4609375 0.6096563011456628 0.06979166666666667 0.2995090016366612
2 0.63125 0.14402618657937807 0.05416666666666667 0.2193126022913257
2 0.2296875 0.07855973813420622 0.059375 0.0916530278232406
11 0.34375 0.46972176759410805 0.10416666666666667 0.07201309328968904
9 0.7541666666666667 0.6145662847790507 0.475 0.3518821603927987
9 0.2734375 0.3199672667757774 0.421875 0.2635024549918167
10 0.20729166666666665 0.1751227495908347 0.06875 0.06219312602291326
10 0.775 0.17266775777414076 0.15833333333333333 0.2144026186579378
