10 0.1702127659574468 0.7604166666666666 0.20851063829787234 0.4631410256410256
10 0.4531914893617021 0.7339743589743589 0.2042553191489362 0.5
10 0.7297872340425532 0.7532051282051282 0.2297872340425532 0.48717948717948717
10 0.9138297872340426 0.7371794871794871 0.16382978723404257 0.4551282051282051
2 0.18723404255319148 0.42788461538461536 0.18297872340425533 0.22115384615384615
2 0.43829787234042555 0.3814102564102564 0.2170212765957447 0.2564102564102564
2 0.6069148936170213 0.33092948717948717 0.08617021276595745 0.1778846153846154
2 0.7095744680851064 0.4142628205128205 0.1702127659574468 0.28365384615384615
2 0.8606382978723405 0.35256410256410253 0.14042553191489363 0.23717948717948717
11 0.4446808510638298 0.1330128205128205 0.4085106382978724 0.16987179487179488
11 0.18882978723404256 0.10897435897435898 0.24148936170212768 0.1346153846153846
2 0.075 0.31169871794871795 0.10319148936170212 0.21634615384615383
2 0.21648936170212765 0.266025641025641 0.07765957446808511 0.09615384615384615
