4 0.1296875 0.5308641975308642 0.08993055555555556 0.23333333333333334
4 0.22100694444444446 0.470679012345679 0.08229166666666667 0.11296296296296296
4 0.30694444444444446 0.49382716049382713 0.04791666666666667 0.08518518518518518
4 0.4309027777777778 0.4623456790123457 0.12083333333333333 0.18518518518518517
4 0.5972222222222222 0.48703703703703705 0.19791666666666669 0.14074074074074075
4 0.8579861111111111 0.445679012345679 0.12847222222222224 0.09259259259259259
4 0.9310763888888889 0.5179012345679013 0.051041666666666666 0.0962962962962963
4 0.30486111111111114 0.6438271604938272 0.09166666666666667 0.1925925925925926
4 0.4696180555555556 0.696604938271605 0.13993055555555556 0.13518518518518519
4 0.6286458333333333 0.7216049382716049 0.171875 0.18518518518518517
3 0.1765625 0.8330246913580247 0.13784722222222223 0.304320987654321
3 0.31736111111111115 0.8533950617283951 0.13541666666666669 0.27839506172839507
3 0.5079861111111111 0.8780864197530864 0.14166666666666666 0.23148148148148148
3 0.6614583333333334 0.8941358024691358 0.13958333333333334 0.21172839506172839
3 0.9059027777777778 0.9006172839506172 0.18472222222222223 0.1876543209876543
