2 0.09212962962962963 0.5447042640990372 0.09907407407407408 0.6354883081155434
2 0.1837962962962963 0.5453920220082531 0.08055555555555556 0.6588720770288858
2 0.26157407407407407 0.5488308115543329 0.058333333333333334 0.6437414030261348
2 0.31851851851851853 0.5453920220082531 0.05740740740740741 0.6231086657496562
2 0.3851851851851852 0.5508940852819807 0.05740740740740741 0.6231086657496562
2 0.45601851851851855 0.546079779917469 0.075 0.6850068775790922
2 0.5541666666666667 0.5440165061898212 0.0638888888888889 0.6313617606602476
2 0.6296296296296297 0.5577716643741403 0.06296296296296297 0.6176066024759285
2 0.6939814814814815 0.547455295735901 0.06018518518518519 0.6464924346629987
2 0.7587962962962963 0.5330123796423659 0.058333333333333334 0.6478679504814305
2 0.8310185185185186 0.5392022008253095 0.06944444444444445 0.6354883081155434
2 0.9282407407407408 0.530949105914718 0.11388888888888889 0.6657496561210454
