6 0.400390625 0.7208333333333333 0.12734375 0.2375
6 0.404296875 0.2109375 0.12578125 0.13854166666666667
6 0.534765625 0.253125 0.06953125 0.13333333333333333
6 0.56875 0.45468749999999997 0.1328125 0.21145833333333333
6 0.91328125 0.4953125 0.1421875 0.23854166666666665
6 0.33125000000000004 0.409375 0.1015625 0.17083333333333334
6 0.43085937500000004 0.3807291666666667 0.04453125 0.071875
6 0.7136718750000001 0.22708333333333333 0.039843750000000004 0.0625
6 0.255078125 0.3833333333333333 0.13671875 0.15
7 0.063671875 0.4536458333333333 0.11015625000000001 0.090625
7 0.6039062500000001 0.359375 0.1765625 0.10416666666666667
7 0.8515625 0.0640625 0.1265625 0.08020833333333333
7 0.769140625 0.3578125 0.14140625 0.08645833333333333
