10 0.109375 0.7083333333333334 0.21875 0.575
10 0.34687500000000004 0.6927083333333334 0.20625000000000002 0.5229166666666667
10 0.659375 0.684375 0.29375 0.4395833333333333
10 0.8968750000000001 0.6177083333333333 0.19375 0.40625
2 0.096875 0.24375 0.16875 0.3125
2 0.321875 0.296875 0.18125000000000002 0.24791666666666667
2 0.6484375 0.31666666666666665 0.15937500000000002 0.24166666666666667
2 0.9 0.2895833333333333 0.15000000000000002 0.22916666666666666
2 0.1921875 0.2125 0.078125 0.08333333333333333
9 0.8375 0.225 0.325 0.2
9 0.46718750000000003 0.371875 0.171875 0.20208333333333334
