7 0.09888888888888889 0.18981481481481483 0.1688888888888889 0.22037037037037038
7 0.29444444444444445 0.17592592592592593 0.16444444444444445 0.23703703703703705
7 0.49944444444444447 0.16296296296296298 0.17666666666666667 0.23333333333333334
7 0.6966666666666667 0.1712962962962963 0.1622222222222222 0.22037037037037038
7 0.8983333333333333 0.15833333333333333 0.17222222222222222 0.20185185185185187
7 0.09777777777777778 0.48240740740740745 0.16444444444444445 0.2240740740740741
7 0.2972222222222222 0.5203703703703704 0.16333333333333333 0.20740740740740743
7 0.49833333333333335 0.5166666666666667 0.17222222222222222 0.2555555555555556
7 0.6977777777777778 0.5148148148148148 0.1711111111111111 0.1925925925925926
7 0.9 0.5046296296296297 0.17555555555555555 0.2240740740740741
7 0.09722222222222222 0.8407407407407408 0.16555555555555557 0.1851851851851852
7 0.29833333333333334 0.837037037037037 0.15 0.20370370370370372
7 0.4988888888888889 0.8305555555555556 0.17555555555555555 0.24629629629629632
7 0.7 0.85 0.17333333333333334 0.16296296296296298
