0002
0003
0005
0006
0007
0008
0009
0010
0011
0012
0014
0015
0016
0017
0019
0020
0021
0022
0023
0024
0028
0029
0030
0031
0032
0034
0036
0037
0038
0039
0040
0041
0042
0043
0046
0047
0048
0049
0050
0051
0052
0053
0054
0055
0056
0057
0058
0059
0060
0061
0062
0064
0065
0066
0067
0068
0069
0071
0073
0074
0077
0078
0079
0080
0081
0082
0083
0084
0085
0086
0087
0088
0090
0092
0093
0095
0096
0097
0098
0099
0100
0102
0103
0105
0106
0107
0108
0109
0110
0111
0112
0113
0115
0116
0117
0118
0119
0121
0123
0124
0125
0126
0127
0129
0130
0131
0132
0133
0135
0139
0140
0141
0143
0144
0145
0147
0150
0151
0152
0153
0154
0155
0158
0159
0161
0164
0165
0166
0167
0168
0169
0170
0171
0172
0173
0174
0175
0176
0177
0178
0180
0181
0182
0183
0184
0186
0187
0188
0189
0190
0191
0192
0193
0194
0195
0196
0197
0200
0201
0202
0203
0204
0205
0206
0208
0209
0210
0211
0213
0214
0215
0216
0218
0219
0221
0223
0224
0226
0227
0228
0229
0231
0234
0235
0236
0237
0238
0239
0240
0241
0242
0245
0246
0247
0248
0250
0251
0252
0253
0254
0255
0256
0257
0258
0259
0260
0261
0262
0263
0264
0265
0266
0267
0268
0270
0271
0272
0273
0274
0276
0278
0279
0280
0281
0282
0283
0284
0285
0286
0287
0288
0289
0290
0291
0292
0294
0295
0296
0297
0299
0301
0303
0305
0306
0307
0308
0309
0310
0311
0312
0313
0314
0315
0316
0317
0318
0319
0320
0321
0322
0323
0324
0325
0326
0327
0328
0329
0330
0333
0334
0337
0338
0339
0340
0341
0343
0344
0345
0346
0348
0349
0350
0351
0352
0353
0354
0355
0356
0357
0358
0359
0360
0361
0362
0363
0365
0366
0367
0368
0370
0371
0373
0374
0375
0376
0377
0378
0379
0380
0382
0383
0385
0386
0387
0388
0389
0390
0391
0392
0393
0394
0395
0396
0397
0398
0399
0400
0401
0402
0404
0405
0407
0408
0409
0410
0411
0412
0413
0415
0417
0418
0419
0421
0422
0423
0425
0426
0428
0430
0431
0432
0433
0434
0435
0436
0438
0440
0442
0443
0444
0445
0446
0447
0448
0449
0450
0452
0453
0454
0455
0456
0457
0458
0459
0460
0461
0462
0463
0464
0465
0466
0467
0468
0469
0471
0473
0474
0475
0476
0478
0480
0519
0522
0523
0524
0525
0526
0527
0528
0529
0530
0531
0532
0533
0534
0536
0537
0538
0539
0540
0541
0542
0543
0545
0546
0547
0548
0549
0551
0552
0554
0556
0557
0560
0561
0562
0563
0564
0565
0566
0567
0568
0569
0570
0571
0573
0575
0576
0578
0579
0580
0581
0582
0583
0584
0585
0586
0587
0588
0589
0590
0591
0595
0596
0597
0598
0599
0600
481
484
485
486
487
489
490
493
495
498
499
500
501
502
503
504
505
506
507
508
510
512
513
514
515
516
518
520
