1.jpeg 0 51 456 102 311 0 148 454 74 301 0 228 463 78 294 0 318 459 85 303 3 533 463 329 301 0 740 471 77 289 0 824 464 72 321 0 904 465 71 329 0 986 465 66 342
10.jpeg 0 98 236 68 128 4 94 303 163 134 0 288 264 56 199 0 334 256 36 184 5 379 136 114 48 0 390 262 48 211 0 463 272 98 209 0 554 249 61 214 3 498 104 116 73 3 517 50 90 52 3 416 30 80 56
11.jpeg 4 88 274 169 300 4 281 251 206 289 4 353 150 113 119 4 483 230 138 240 4 573 186 134 201
12.jpeg 0 158 410 76 166 0 312 381 64 157 0 442 372 67 183 0 606 88 52 134 0 220 48 57 56 5 330 287 100 44 3 724 375 456 215 3 262 195 405 161 4 199 107 66 38 4 744 105 152 131
13.jpeg 4 160 474 196 289 4 426 458 192 312 4 686 470 216 304 4 859 460 154 284 0 176 267 172 138 0 412 238 204 160 0 570 206 81 111 0 667 258 160 177 0 809 220 132 148 5 418 83 384 106 5 177 68 227 84 0 70 194 97 135 0 203 166 73 60
14.jpeg 1 373 860 259 378 1 636 762 237 183 1 884 800 138 138 1 1241 749 348 300 1 1720 789 570 228 1 2471 722 370 150 1 2681 839 147 156 1 878 1043 264 312 1 1352 1128 403 219 1 1810 1169 495 300 2 508 1349 397 493 2 914 1382 390 451 2 1463 1422 408 375 2 1905 1448 402 343 2 2609 1459 532 304
2.jpeg 0 99 396 107 462 0 198 396 87 479 0 282 399 63 468 0 344 396 62 453 0 416 400 62 453 0 492 397 81 498 0 598 395 69 459 0 680 405 68 449 0 749 398 65 470 0 819 387 63 471 0 897 392 75 462 0 1002 386 123 484
3.jpeg 1 48 106 70 160 1 115 110 49 160 1 171 116 55 156 1 225 121 52 147 1 281 122 67 160 1 343 122 57 153 1 401 126 60 160
4.jpeg 0 197 478 105 461 2 620 574 160 328 2 476 557 140 310 2 337 549 125 305 2 88 535 113 294
5.jpeg 4 70 340 140 276 4 222 332 132 251 4 422 328 188 211 4 574 296 124 195 0 62 117 108 150 0 206 142 116 119 0 415 152 102 116 0 576 139 96 110 0 123 102 50 40 3 536 108 208 96 3 299 178 110 97
6.jpeg 1 62 382 96 126 1 208 305 113 207 1 328 331 79 140 1 469 320 158 122 1 564 260 133 85 1 422 169 92 144 1 244 154 92 89 2 70 199 140 212 2 106 73 147 132
7.jpeg 0 83 250 62 216 0 151 251 54 222 0 208 248 37 212 0 526 242 40 191 0 596 238 60 201 3 357 284 246 228
8.jpeg 4 157 357 256 242 4 354 327 197 202 4 512 312 169 172 4 604 279 72 158 5 134 138 236 135 5 329 160 194 96 5 479 160 146 84 5 579 166 118 64
9.jpeg 0 430 1121 261 1063 0 772 1094 321 1105 0 1187 1055 363 1238 0 1564 1019 420 1364 0 1969 992 367 1406
