1.jpeg 3 165 369 111 430 3 279 355 117 456 3 387 364 101 438 3 489 374 102 421 3 588 363 100 438 3 669 364 87 440 3 766 356 109 463 3 865 348 92 481 3 975 347 130 488
10.jpeg 9 70 506 139 164 9 240 529 122 117 9 399 518 128 129 9 561 522 129 132 9 727 521 141 132 9 299 279 199 168 9 390 73 122 118 9 548 79 122 122 9 708 73 124 121
2.jpeg 7 512 692 163 228 7 517 202 161 133 7 684 243 89 128 7 728 436 170 203 7 1169 475 182 229 7 424 393 130 164 7 551 365 57 69 7 913 218 51 60 7 326 368 175 144 8 81 435 141 87 8 773 345 226 100 8 1090 61 162 77 8 984 343 181 83
3.jpeg 5 887 1046 252 294 5 374 887 267 384 5 639 750 213 213 5 888 794 165 174 5 1806 1175 480 360 5 2502 776 432 276 5 1742 777 493 219 5 1253 732 402 303 5 1367 1173 469 321 4 487 1349 409 511 4 2607 1449 510 309 4 912 1370 405 463
4.jpeg 6 484 507 394 355 6 925 265 266 334 6 553 247 234 328 6 403 243 142 323 3 798 378 276 607 3 249 385 229 595
5.jpeg 0 106 196 212 182 0 490 89 213 156 0 200 452 260 257 0 415 263 237 196 0 672 234 227 157
6.jpeg 2 715 272 150 126 2 554 192 107 94 2 460 194 107 102 2 420 277 127 98 2 343 257 119 99 2 231 261 107 112 2 155 257 82 89 3 705 196 81 100
7.jpeg 1 268 845 260 322 1 591 835 262 282 1 836 845 428 306 1 1096 852 176 264 1 1448 846 212 260 1 1632 837 156 290 1 1757 778 78 72
8.jpeg 8 178 205 304 238 8 530 190 296 256 8 899 176 318 252 8 1254 185 292 238 8 1617 171 310 218 8 176 521 296 242 8 535 562 294 224 8 897 558 310 276 8 1256 556 308 208 8 1620 545 316 242 8 175 908 298 200 8 537 904 270 220 8 898 897 316 266 8 1260 918 312 176
9.jpeg 4 162 421 152 177 4 310 421 136 172 4 590 419 150 171 4 120 143 89 121 4 212 129 86 97 4 375 139 80 123 4 514 126 88 98 4 527 225 98 180 4 312 171 93 78
